67.2878
53.1182
29.7180
53.5864
24.5261
42.1530
44.2949
44.2286
64.0675
49.1444
55.6449
48.8320
41.7467
53.1779
51.6839
38.5694
63.3123
50.0593
64.0042
58.7668
56.7836
54.0491
46.9693
39.8279
42.8231
69.1328
46.5919
39.3860
51.2179
47.3306
57.2878
28.9283
60.1944
36.7430
61.8978
58.7503
47.1612
36.3419
48.4656
50.6692
40.8257
49.8405
46.6137
38.3073
59.2920
58.1792
50.9435
61.2916
43.3141
53.8769
66.3160
47.9450
37.8339
41.6923
46.6982
37.2590
47.7520
41.9404
51.7513
58.1293
53.2738
37.9451
64.9265
44.0962
46.4023
37.1415
46.2507
54.8714
66.1561
49.8586
39.0467
42.2155
63.2368
34.2379
60.8745
67.0475
62.0296
53.1598
74.4574
42.3302
77.3339
43.6639
52.8843
42.4092
62.5198
45.3105
41.5104
35.4434
38.7287
39.4508
38.7287
45.0909
41.9509
47.0661
61.2666
44.9591
41.1440
56.1066
52.1987
52.5442
41.6348
36.1291
50.8151
55.7494
41.7454
55.6681
64.2917
45.0537
61.2506
62.5348
38.3903
54.4286
50.7694
33.9214
34.7007
49.3450
51.1450
67.6465
40.8939
46.1437
30.7369
43.3255
39.6574
34.1853
78.5114
64.6865
66.9474
53.8532
49.0538
47.0152
40.4108
54.7833
65.0234
51.1403
48.0211
38.6853
51.3892
49.4156
51.0380
48.0448
49.3811
44.3119
45.9242
49.0536
56.0063
66.3266
62.9868
76.2593
45.3633
65.1951
63.1710
37.8561
67.6132
47.6840
39.8842
46.8814
36.9764
56.4552
42.8067
41.2073
42.9645
52.6152
50.5066
36.7321
38.1944
42.3111
46.6072
52.8510
59.2547
47.7595
55.8422
45.4039
33.7130
48.1288
47.1384
53.7774
47.3120
42.2359
44.5696
30.5565
52.4863
39.6337
48.4083
22.1907
68.5961
49.9257
48.9515
54.8556
50.6821
57.2498
54.6596
46.7673
44.9741
52.5224
60.9246
48.5069
54.6556
39.7086
33.2357
51.9067
52.6592
60.6413
45.1888
46.7085
55.4454
72.4979
51.1434
49.1979
54.8490
69.6096
33.9443
51.9496
56.1479
59.6390
32.4411
54.8498
56.0856
52.1439
37.5065
55.8109
40.0177
51.3272
60.9819
43.7785
49.7453
58.4654
44.6677
77.7223
47.4912
50.3725
62.3273
45.1370
54.8961
55.3721
52.3473
56.7472
59.5151
55.3546
49.6190
67.6035
55.2915
53.2618
55.3947
38.9288
40.9086
32.0028
53.2679
63.0161
39.7430
47.0697
64.9274
66.9834
58.9619
74.6733
38.1728
35.8580
54.9079
36.2598
34.1320
57.3400
62.2777
39.7328
68.3224
46.0215
54.4896
58.5696
75.9990
37.2122
44.6731
48.3700
50.2892
45.0932
59.5908
51.1024
47.6691
53.1118
62.8555
68.5169
53.4195
45.9809
49.8055
58.1860
52.6717
44.1719
31.5429
62.5855
50.6066
39.3253
54.0439
58.5148
44.4829
31.7593
59.4107
47.4805
49.9270
65.4497
58.3404
55.9924
52.5480
61.4769
47.9030
64.1899
47.0459
45.7127
51.5933
50.3747
60.4823
44.5657
53.0402
39.6547
48.8303
64.9305
37.0904
48.9253
59.5499
56.3257
32.9251
45.4267
55.1151
44.8549
61.9630
53.1106
42.4880
23.7501
55.3140
49.0202
59.0287
63.6412
47.6898
55.4014
42.8001
42.2918
43.1853
49.2626
45.7792
46.7076
42.2689
58.2288
55.4884
47.1116
50.3254
47.1376
49.0967
35.8466
48.4671
52.5176
65.7415
45.9223
30.9820
47.3306
54.7951
46.3416
56.0175
55.3936
55.5444
56.0600
50.1657
60.1844
53.6630
43.9720
71.0450
33.6464
55.9313
52.6120
59.9841
67.0069
68.9986
43.5404
41.3179
41.1530
55.6572
63.6653
43.5625
59.0111
48.6727
42.8965
26.5873
44.6535
46.1717
47.7646
65.8883
63.1204
55.7049
42.6117
38.2443
31.7019
45.9930
68.5911
72.8941
55.4515
57.0486
53.6791
46.0736
63.3726
49.2281
64.5342
53.3021
53.8134
45.5468
40.8290
48.6135
39.8048
41.7625
43.0423
46.0135
46.1524
74.8905
48.4742
37.6083
55.4282
48.1546
33.6054
42.2560
62.8978
58.9749
48.6237
43.7790
53.9736
30.7485
61.4374
44.1415
44.2024
45.1733
40.9014
52.9187
50.1610
47.3814
42.4776
61.5305
62.0319
49.6376
62.5296
43.2733
55.4349
41.6342
53.7167
50.5982
42.1277
52.5376
45.9988
48.7837
40.4894
63.7793
59.1905
62.4317
51.3786
24.2120
72.6081
44.4664
58.6889
50.4810
54.7529
42.6271
43.8496
52.6316
36.2727
64.9479
50.2779
41.3953
43.7246
67.4515
63.6854
68.6998
43.6101
41.3031
40.9967
59.0186
54.7067
57.5101
54.2745
58.6892
59.9936
56.4295
66.1115
67.8166
56.7567
40.0355
66.6353
48.7284
48.9494
71.8339
48.1921
38.4182
53.9716
53.0837
44.6248
22.7955
60.5329
63.7749
40.9539
66.8956
42.3155
57.1394
52.4041
42.5144
68.2254
47.3742
40.9693
49.6272
45.9785
55.7170
55.9448
38.8415
49.2107
51.7264
55.3068
43.5209
50.8514
53.8311
41.0186
41.7245
50.0804
44.5953
47.8868
49.5549
58.0684
58.8044
66.1024
50.5887
37.3177
38.1740
48.8672
41.2612
39.9171
44.4803
54.4986
46.8933
59.9894
41.2391
48.9705
30.5446
54.4705
51.6349
36.9369
58.9935
60.4548
44.2947
55.5993
43.2231
52.7953
28.2437
52.6027
47.6144
50.5198
45.7190
40.2332
51.4629
35.5750
44.2601
61.4575
44.4889
43.2762
42.3093
41.5751
49.1796
38.1729
44.8390
53.4987
46.9747
55.8366
35.3021
40.5866
61.9687
60.6894
61.0201
61.1383
60.9476
53.3168
32.1133
26.1077
57.3569
38.9015
45.1972
60.0438
50.9488
60.1545
43.8802
54.6007
60.2904
36.4254
52.4949
49.3454
47.3793
52.6334
51.1753
61.7716
51.0774
36.9685
41.8616
41.2521
47.4466
43.7809
63.4652
46.9630
46.4702
35.4288
53.7572
40.0693
79.6079
55.4798
40.9837
44.0480
56.1370
64.5184
45.6565
39.7663
42.6007
49.8450
38.3755
44.5517
60.7983
36.0393
62.7121
43.8177
72.8912
52.1927
45.2190
61.2385
42.7683
41.9913
62.6180
52.6291
55.3058
49.8218
48.1725
42.4715
45.5235
28.2335
53.8069
65.1197
63.6183
51.8826
55.3241
37.2494
57.9467
37.1399
49.1320
53.2606
39.1628
32.9978
43.5713
45.4715
57.4527
62.7513
48.7405
63.2400
46.7252
53.6377
48.7918
48.3520
49.8033
51.2976
43.0260
60.6405
44.0520
42.5550
75.2959
35.7538
45.1094
63.0391
51.4648
50.9973
18.6816
57.1096
54.7222
68.6137
69.0801
59.4332
72.5923
59.2652
57.1084
52.6108
54.9225
54.2276
46.1061
45.3081
55.4317
39.9207
54.1012
60.5461
39.1228
49.6012
39.7364
48.7014
54.4203
57.7102
28.5515
60.4140
35.9946
42.5610
40.4859
52.3991
54.7066
40.2259
51.7543
53.6710
61.3986
62.6825
47.3250
40.8840
56.9993
51.5393
54.3048
63.7957
46.3700
41.1120
58.6453
54.3811
50.4418
44.2187
56.9305
40.2795
44.7400
55.6174
70.6660
51.3987
51.5086
57.6037
37.4790
49.4050
46.7040
57.5724
45.0462
37.0014
54.5916
50.1208
57.9945
23.1815
55.1972
37.6111
47.8889
53.2794
51.9556
52.4614
60.0153
65.2069
44.1434
57.8109
63.7858
54.4365
57.4472
51.2687
42.2585
38.4298
54.9601
37.4947
56.5425
52.2612
48.3500
57.1526
71.1753
42.1327
37.5368
37.0466
54.3954
52.3349
41.4584
43.7814
43.8252
44.5935
55.7154
46.0050
58.9127
40.4938
57.3568
35.6749
54.6856
61.2777
51.0026
51.4896
45.7507
51.4398
45.9565
63.0884
32.8791
53.9317
46.5511
36.8812
47.2002
54.9999
35.3966
34.8717
55.8154
54.4206
61.5214
42.0222
39.9640
53.3373
43.7298
52.6817
69.3908
35.4740
49.5520
62.4643
50.7714
53.1353
55.7457
51.9148
58.6028
43.8363
45.4382
55.6138
53.1361
57.6369
43.2723
65.1142
52.0283
45.1109
42.3501
51.9942
42.3900
60.0468
58.3620
58.8071
50.4376
36.0775
63.1011
54.0572
58.8233
51.7649
51.5864
58.2042
38.5320
45.0048
60.5392
39.6173
60.3010
52.9674
60.3234
58.5963
59.7113
44.1547
47.2660
47.1609
49.3626
53.5701
51.7272
43.0568
37.7030
56.8880
47.5403
44.1730
53.4924
46.7696
40.0490
53.7517
46.7375
43.8347
54.6997
50.7490
44.6016
40.5340
57.7014
64.7666
46.4189
37.4673
46.8132
18.8658
51.0501
61.4322
82.9874
62.1772
38.0253
51.8632
41.1183
39.2182
52.4323
52.9873
34.7061
46.3116
47.8700
46.7554
34.8786
38.2730
49.6723
53.6228
51.9817
45.9598
54.6513
45.4852
56.8501
58.5850
46.1194
67.1868
61.7638
53.1955
49.1944
50.5394
50.5982
48.7029
51.9614
61.9160
45.3227
47.9560
59.5743
44.8770
53.4152
61.1726
57.9094
37.8677
9.8746
60.5242
52.1648
40.8516
34.2121
43.1725
35.8780
58.0584
58.6016
58.0140
40.9409
53.0646
73.6871
47.2805
52.0449
46.6979
53.3767
53.8773
42.5827
36.1103
52.5253
48.8886
49.9013
49.1680
67.8877
40.5347
68.2363
63.2083
58.7755
58.5434
38.3009
64.0012
54.7946
60.0441
28.5703
60.7749
55.1619
46.4537
57.7553
37.4396
54.4020
62.2770
40.5534
51.8441
46.4745
53.7192
35.7539
54.3562
55.0220
45.0298
52.9328
46.3126
39.7786
40.4544
62.2602
55.5016
54.2662
27.8639
51.9223
26.9840
62.0161
40.8932
49.9380
56.8234
46.4161
64.5801
48.1079
45.1949
26.9986
47.8801
55.2652
57.8945
43.9214
46.3385
47.8335
46.9041
50.4887
34.2768
60.6042
52.3596
45.7642
49.7167
33.3010
55.4709
54.8225
30.9490
51.8658
57.1601
57.9095
66.3185
43.0031
44.8276
34.1681
38.4447
50.3342
38.8005
33.0629
57.5268
67.2293
62.4519
